31360 7901
7901
10000000
1736
12860 13860 57303
12860 17500 57303
13860 12860 57303
13860 18500 57303
17500 12860 57303
17500 18500 57303
18500 13860 57303
18500 17500 57303
15612 15632 14395
15612 15728 14395
15632 15612 14395
15632 15748 14395
15728 15612 14395
15728 15748 14395
15748 15632 14395
15748 15728 14395
9512 15652 2192
9512 15708 2192
15652 9512 2192
15652 21848 2192
15708 9512 2192
15708 21848 2192
21848 15652 2192
21848 15708 2192
6888 15600 223659
6888 15760 223659
15600 6888 223659
15600 24472 223659
15760 6888 223659
15760 24472 223659
24472 15600 223659
24472 15760 223659
6256 15644 404293
6256 15716 404293
15644 6256 404293
15644 25104 404293
15716 6256 404293
15716 25104 404293
25104 15644 404293
25104 15716 404293
14648 15632 62941
14648 15728 62941
15632 14648 62941
15632 16712 62941
15728 14648 62941
15728 16712 62941
16712 15632 62941
16712 15728 62941
12024 15664 20625
12024 15696 20625
15664 12024 20625
15664 19336 20625
15696 12024 20625
15696 19336 20625
19336 15664 20625
19336 15696 20625
12512 15660 34060
12512 15700 34060
15660 12512 34060
15660 18848 34060
15700 12512 34060
15700 18848 34060
18848 15660 34060
18848 15700 34060
7892 11780 49363
7892 19580 49363
11780 7892 49363
11780 23468 49363
19580 7892 49363
19580 23468 49363
23468 11780 49363
23468 19580 49363
9060 12008 70342
9060 19352 70342
12008 9060 70342
12008 22300 70342
19352 9060 70342
19352 22300 70342
22300 12008 70342
22300 19352 70342
7660 15620 207091
7660 15740 207091
15620 7660 207091
15620 23700 207091
15740 7660 207091
15740 23700 207091
23700 15620 207091
23700 15740 207091
7644 15640 111295
7644 15720 111295
15640 7644 111295
15640 23716 111295
15720 7644 111295
15720 23716 111295
23716 15640 111295
23716 15720 111295
12016 14576 158073
12016 16784 158073
14576 12016 158073
14576 19344 158073
16784 12016 158073
16784 19344 158073
19344 14576 158073
19344 16784 158073
12400 14304 162903
12400 17056 162903
14304 12400 162903
14304 18960 162903
17056 12400 162903
17056 18960 162903
18960 14304 162903
18960 17056 162903
11788 14736 8933
11788 16624 8933
14736 11788 8933
14736 19572 8933
16624 11788 8933
16624 19572 8933
19572 14736 8933
19572 16624 8933
12796 14028 84889
12796 17332 84889
14028 12796 84889
14028 18564 84889
17332 12796 84889
17332 18564 84889
18564 14028 84889
18564 17332 84889
7880 13064 22987
7880 18296 22987
13064 7880 22987
13064 23480 22987
18296 7880 22987
18296 23480 22987
23480 13064 22987
23480 18296 22987
13208 15680 52964
15680 13208 52964
15680 18152 52964
18152 15680 52964
7704 7896 17827
7704 23464 17827
7896 7704 17827
7896 23656 17827
23464 7704 17827
23464 23656 17827
23656 7896 17827
23656 23464 17827
9692 15596 77551
9692 15764 77551
15596 9692 77551
15596 21668 77551
15764 9692 77551
15764 21668 77551
21668 15596 77551
21668 15764 77551
9768 15568 126785
9768 15792 126785
15568 9768 126785
15568 21592 126785
15792 9768 126785
15792 21592 126785
21592 15568 126785
21592 15792 126785
13192 13508 151310
13192 17852 151310
13508 13192 151310
13508 18168 151310
17852 13192 151310
17852 18168 151310
18168 13508 151310
18168 17852 151310
15632 15652 27238
15632 15708 27238
15652 15632 27238
15652 15728 27238
15708 15632 27238
15708 15728 27238
15728 15652 27238
15728 15708 27238
10880 14008 82900
10880 17352 82900
14008 10880 82900
14008 20480 82900
17352 10880 82900
17352 20480 82900
20480 14008 82900
20480 17352 82900
10424 15596 53900
10424 15764 53900
15596 10424 53900
15596 20936 53900
15764 10424 53900
15764 20936 53900
20936 15596 53900
20936 15764 53900
15568 15680 63525
15680 15568 63525
15680 15792 63525
15792 15680 63525
9124 15572 14249
9124 15788 14249
15572 9124 14249
15572 22236 14249
15788 9124 14249
15788 22236 14249
22236 15572 14249
22236 15788 14249
10984 15680 51585
15680 10984 51585
15680 20376 51585
20376 15680 51585
12796 15612 104495
12796 15748 104495
15612 12796 104495
15612 18564 104495
15748 12796 104495
15748 18564 104495
18564 15612 104495
18564 15748 104495
7188 15652 162537
7188 15708 162537
15652 7188 162537
15652 24172 162537
15708 7188 162537
15708 24172 162537
24172 15652 162537
24172 15708 162537
5920 15680 72301
15680 5920 72301
15680 25440 72301
25440 15680 72301
9368 15664 16744
9368 15696 16744
15664 9368 16744
15664 21992 16744
15696 9368 16744
15696 21992 16744
21992 15664 16744
21992 15696 16744
7896 14244 24348
7896 17116 24348
14244 7896 24348
14244 23464 24348
17116 7896 24348
17116 23464 24348
23464 14244 24348
23464 17116 24348
5688 15584 154498
5688 15776 154498
15584 5688 154498
15584 25672 154498
15776 5688 154498
15776 25672 154498
25672 15584 154498
25672 15776 154498
10264 15568 61373
10264 15792 61373
15568 10264 61373
15568 21096 61373
15792 10264 61373
15792 21096 61373
21096 15568 61373
21096 15792 61373
8768 15652 23518
8768 15708 23518
15652 8768 23518
15652 22592 23518
15708 8768 23518
15708 22592 23518
22592 15652 23518
22592 15708 23518
11612 14556 58312
11612 16804 58312
14556 11612 58312
14556 19748 58312
16804 11612 58312
16804 19748 58312
19748 14556 58312
19748 16804 58312
9780 12956 23518
9780 18404 23518
12956 9780 23518
12956 21580 23518
18404 9780 23518
18404 21580 23518
21580 12956 23518
21580 18404 23518
4660 15656 267098
4660 15704 267098
15656 4660 267098
15656 26700 267098
15704 4660 267098
15704 26700 267098
26700 15656 267098
26700 15704 267098
13416 13452 82574
13416 17908 82574
13452 13416 82574
13452 17944 82574
17908 13416 82574
17908 17944 82574
17944 13452 82574
17944 17908 82574
11908 14704 16164
11908 16656 16164
14704 11908 16164
14704 19452 16164
16656 11908 16164
16656 19452 16164
19452 14704 16164
19452 16656 16164
13036 13824 121830
13036 17536 121830
13824 13036 121830
13824 18324 121830
17536 13036 121830
17536 18324 121830
18324 13824 121830
18324 17536 121830
11832 15680 67119
15680 11832 67119
15680 19528 67119
19528 15680 67119
3792 15676 213262
3792 15684 213262
15676 3792 213262
15676 27568 213262
15684 3792 213262
15684 27568 213262
27568 15676 213262
27568 15684 213262
7844 11296 24751
7844 20064 24751
11296 7844 24751
11296 23516 24751
20064 7844 24751
20064 23516 24751
23516 11296 24751
23516 20064 24751
11540 15652 42861
11540 15708 42861
15652 11540 42861
15652 19820 42861
15708 11540 42861
15708 19820 42861
19820 15652 42861
19820 15708 42861
6548 15640 364391
6548 15720 364391
15640 6548 364391
15640 24812 364391
15720 6548 364391
15720 24812 364391
24812 15640 364391
24812 15720 364391
7712 7720 39191
7712 23640 39191
7720 7712 39191
7720 23648 39191
23640 7712 39191
23640 23648 39191
23648 7720 39191
23648 23640 39191
11056 13980 38138
11056 17380 38138
13980 11056 38138
13980 20304 38138
17380 11056 38138
17380 20304 38138
20304 13980 38138
20304 17380 38138
6952 15572 125871
6952 15788 125871
15572 6952 125871
15572 24408 125871
15788 6952 125871
15788 24408 125871
24408 15572 125871
24408 15788 125871
9032 15596 32244
9032 15764 32244
15596 9032 32244
15596 22328 32244
15764 9032 32244
15764 22328 32244
22328 15596 32244
22328 15764 32244
6644 15652 79199
6644 15708 79199
15652 6644 79199
15652 24716 79199
15708 6644 79199
15708 24716 79199
24716 15652 79199
24716 15708 79199
12652 13980 31524
12652 17380 31524
13980 12652 31524
13980 18708 31524
17380 12652 31524
17380 18708 31524
18708 13980 31524
18708 17380 31524
5760 15568 180634
5760 15792 180634
15568 5760 180634
15568 25600 180634
15792 5760 180634
15792 25600 180634
25600 15568 180634
25600 15792 180634
9252 12516 13815
9252 18844 13815
12516 9252 13815
12516 22108 13815
18844 9252 13815
18844 22108 13815
22108 12516 13815
22108 18844 13815
9432 15636 23518
9432 15724 23518
15636 9432 23518
15636 21928 23518
15724 9432 23518
15724 21928 23518
21928 15636 23518
21928 15724 23518
9500 15628 65610
9500 15732 65610
15628 9500 65610
15628 21860 65610
15732 9500 65610
15732 21860 65610
21860 15628 65610
21860 15732 65610
7884 12796 53249
7884 18564 53249
12796 7884 53249
12796 23476 53249
18564 7884 53249
18564 23476 53249
23476 12796 53249
23476 18564 53249
7896 14508 32052
7896 16852 32052
14508 7896 32052
14508 23464 32052
16852 7896 32052
16852 23464 32052
23464 14508 32052
23464 16852 32052
10200 15576 67652
10200 15784 67652
15576 10200 67652
15576 21160 67652
15784 10200 67652
15784 21160 67652
21160 15576 67652
21160 15784 67652
7752 7832 206626
7752 23528 206626
7832 7752 206626
7832 23608 206626
23528 7752 206626
23528 23608 206626
23608 7832 206626
23608 23528 206626
12416 14144 129054
12416 17216 129054
14144 12416 129054
14144 18944 129054
17216 12416 129054
17216 18944 129054
18944 14144 129054
18944 17216 129054
7368 15624 341851
7368 15736 341851
15624 7368 341851
15624 23992 341851
15736 7368 341851
15736 23992 341851
23992 15624 341851
23992 15736 341851
15192 15680 24944
15680 15192 24944
15680 16168 24944
16168 15680 24944
15152 15672 10152
15152 15688 10152
15672 15152 10152
15672 16208 10152
15688 15152 10152
15688 16208 10152
16208 15672 10152
16208 15688 10152
7892 13584 33669
7892 17776 33669
13584 7892 33669
13584 23468 33669
17776 7892 33669
17776 23468 33669
23468 13584 33669
23468 17776 33669
5688 7892 408007
5688 23468 408007
7892 5688 408007
7892 25672 408007
23468 5688 408007
23468 25672 408007
25672 7892 408007
25672 23468 408007
5448 7848 19247
5448 23512 19247
7848 5448 19247
7848 25912 19247
23512 5448 19247
23512 25912 19247
25912 7848 19247
25912 23512 19247
5212 7848 390793
5212 23512 390793
7848 5212 390793
7848 26148 390793
23512 5212 390793
23512 26148 390793
26148 7848 390793
26148 23512 390793
10900 15164 33640
10900 16196 33640
15164 10900 33640
15164 20460 33640
16196 10900 33640
16196 20460 33640
20460 15164 33640
20460 16196 33640
5292 15652 196836
5292 15708 196836
15652 5292 196836
15652 26068 196836
15708 5292 196836
15708 26068 196836
26068 15652 196836
26068 15708 196836
14816 15624 13033
14816 15736 13033
15624 14816 13033
15624 16544 13033
15736 14816 13033
15736 16544 13033
16544 15624 13033
16544 15736 13033
9404 12560 52553
9404 18800 52553
12560 9404 52553
12560 21956 52553
18800 9404 52553
18800 21956 52553
21956 12560 52553
21956 18800 52553
7864 10268 38138
7864 21092 38138
10268 7864 38138
10268 23496 38138
21092 7864 38138
21092 23496 38138
23496 10268 38138
23496 21092 38138
9812 15676 28241
9812 15684 28241
15676 9812 28241
15676 21548 28241
15684 9812 28241
15684 21548 28241
21548 15676 28241
21548 15684 28241
11848 14596 189917
11848 16764 189917
14596 11848 189917
14596 19512 189917
16764 11848 189917
16764 19512 189917
19512 14596 189917
19512 16764 189917
7892 11136 49628
7892 20224 49628
11136 7892 49628
11136 23468 49628
20224 7892 49628
20224 23468 49628
23468 11136 49628
23468 20224 49628
7872 10876 17547
7872 20484 17547
10876 7872 17547
10876 23488 17547
20484 7872 17547
20484 23488 17547
23488 10876 17547
23488 20484 17547
7892 12876 39569
7892 18484 39569
12876 7892 39569
12876 23468 39569
18484 7892 39569
18484 23468 39569
23468 12876 39569
23468 18484 39569
7864 15584 17827
7864 15776 17827
15584 7864 17827
15584 23496 17827
15776 7864 17827
15776 23496 17827
23496 15584 17827
23496 15776 17827
8912 15680 51147
15680 8912 51147
15680 22448 51147
22448 15680 51147
13828 15680 16917
15680 13828 16917
15680 17532 16917
17532 15680 16917
10692 15652 72910
10692 15708 72910
15652 10692 72910
15652 20668 72910
15708 10692 72910
15708 20668 72910
20668 15652 72910
20668 15708 72910
7728 7892 180634
7728 23468 180634
7892 7728 180634
7892 23632 180634
23468 7728 180634
23468 23632 180634
23632 7892 180634
23632 23468 180634
7896 13880 76831
7896 17480 76831
13880 7896 76831
13880 23464 76831
17480 7896 76831
17480 23464 76831
23464 13880 76831
23464 17480 76831
7288 7892 121446
7288 23468 121446
7892 7288 121446
7892 24072 121446
23468 7288 121446
23468 24072 121446
24072 7892 121446
24072 23468 121446
6636 7820 239571
6636 23540 239571
7820 6636 239571
7820 24724 239571
23540 6636 239571
23540 24724 239571
24724 7820 239571
24724 23540 239571
7892 14904 50520
7892 16456 50520
14904 7892 50520
14904 23468 50520
16456 7892 50520
16456 23468 50520
23468 14904 50520
23468 16456 50520
7880 11504 41444
7880 19856 41444
11504 7880 41444
11504 23480 41444
19856 7880 41444
19856 23480 41444
23480 11504 41444
23480 19856 41444
7896 14060 32841
7896 17300 32841
14060 7896 32841
14060 23464 32841
17300 7896 32841
17300 23464 32841
23464 14060 32841
23464 17300 32841
7896 10584 67119
7896 20776 67119
10584 7896 67119
10584 23464 67119
20776 7896 67119
20776 23464 67119
23464 10584 67119
23464 20776 67119
7844 13112 34317
7844 18248 34317
13112 7844 34317
13112 23516 34317
18248 7844 34317
18248 23516 34317
23516 13112 34317
23516 18248 34317
7896 9648 98952
7896 21712 98952
9648 7896 98952
9648 23464 98952
21712 7896 98952
21712 23464 98952
23464 9648 98952
23464 21712 98952
7896 12228 3978
7896 19132 3978
12228 7896 3978
12228 23464 3978
19132 7896 3978
19132 23464 3978
23464 12228 3978
23464 19132 3978
7888 12368 24747
7888 18992 24747
12368 7888 24747
12368 23472 24747
18992 7888 24747
18992 23472 24747
23472 12368 24747
23472 18992 24747
7896 11308 40149
7896 20052 40149
11308 7896 40149
11308 23464 40149
20052 7896 40149
20052 23464 40149
23464 11308 40149
23464 20052 40149
7504 7884 177078
7504 23476 177078
7884 7504 177078
7884 23856 177078
23476 7504 177078
23476 23856 177078
23856 7884 177078
23856 23476 177078
7848 13336 21121
7848 18024 21121
13336 7848 21121
13336 23512 21121
18024 7848 21121
18024 23512 21121
23512 13336 21121
23512 18024 21121
7852 10112 24051
7852 21248 24051
10112 7852 24051
10112 23508 24051
21248 7852 24051
21248 23508 24051
23508 10112 24051
23508 21248 24051
7896 7896 291505
7896 23464 291505
23464 7896 291505
23464 23464 291505
11732 14804 33341
11732 16556 33341
14804 11732 33341
14804 19628 33341
16556 11732 33341
16556 19628 33341
19628 14804 33341
19628 16556 33341
9212 15680 72664
15680 9212 72664
15680 22148 72664
22148 15680 72664
8672 15672 1178
8672 15688 1178
15672 8672 1178
15672 22688 1178
15688 8672 1178
15688 22688 1178
22688 15672 1178
22688 15688 1178
11296 15664 64900
11296 15696 64900
15664 11296 64900
15664 20064 64900
15696 11296 64900
15696 20064 64900
20064 15664 64900
20064 15696 64900
7896 12420 5737
7896 18940 5737
12420 7896 5737
12420 23464 5737
18940 7896 5737
18940 23464 5737
23464 12420 5737
23464 18940 5737
7896 9688 31465
7896 21672 31465
9688 7896 31465
9688 23464 31465
21672 7896 31465
21672 23464 31465
23464 9688 31465
23464 21672 31465
7892 11976 43589
7892 19384 43589
11976 7892 43589
11976 23468 43589
19384 7892 43589
19384 23468 43589
23468 11976 43589
23468 19384 43589
7600 7892 134966
7600 23468 134966
7892 7600 134966
7892 23760 134966
23468 7600 134966
23468 23760 134966
23760 7892 134966
23760 23468 134966
7896 14988 10152
7896 16372 10152
14988 7896 10152
14988 23464 10152
16372 7896 10152
16372 23464 10152
23464 14988 10152
23464 16372 10152
7892 12164 3978
7892 19196 3978
12164 7892 3978
12164 23468 3978
19196 7892 3978
19196 23468 3978
23468 12164 3978
23468 19196 3978
7888 12552 32795
7888 18808 32795
12552 7888 32795
12552 23472 32795
18808 7888 32795
18808 23472 32795
23472 12552 32795
23472 18808 32795
7896 14612 53123
7896 16748 53123
14612 7896 53123
14612 23464 53123
16748 7896 53123
16748 23464 53123
23464 14612 53123
23464 16748 53123
7892 12636 52728
7892 18724 52728
12636 7892 52728
12636 23468 52728
18724 7892 52728
18724 23468 52728
23468 12636 52728
23468 18724 52728
7896 9820 9703
7896 21540 9703
9820 7896 9703
9820 23464 9703
21540 7896 9703
21540 23464 9703
23464 9820 9703
23464 21540 9703
7896 10348 72616
7896 21012 72616
10348 7896 72616
10348 23464 72616
21012 7896 72616
21012 23464 72616
23464 10348 72616
23464 21012 72616
7896 10740 41250
7896 20620 41250
10740 7896 41250
10740 23464 41250
20620 7896 41250
20620 23464 41250
23464 10740 41250
23464 20620 41250
7896 13212 26394
7896 18148 26394
13212 7896 26394
13212 23464 26394
18148 7896 26394
18148 23464 26394
23464 13212 26394
23464 18148 26394
7896 14088 37002
7896 17272 37002
14088 7896 37002
14088 23464 37002
17272 7896 37002
17272 23464 37002
23464 14088 37002
23464 17272 37002
7896 10116 13851
7896 21244 13851
10116 7896 13851
10116 23464 13851
21244 7896 13851
21244 23464 13851
23464 10116 13851
23464 21244 13851
4636 7896 49232
4636 23464 49232
7896 4636 49232
7896 26724 49232
23464 4636 49232
23464 26724 49232
26724 7896 49232
26724 23464 49232
7864 13032 39569
7864 18328 39569
13032 7864 39569
13032 23496 39569
18328 7864 39569
18328 23496 39569
23496 13032 39569
23496 18328 39569
7896 10660 10245
7896 20700 10245
10660 7896 10245
10660 23464 10245
20700 7896 10245
20700 23464 10245
23464 10660 10245
23464 20700 10245
7896 10424 21940
7896 20936 21940
10424 7896 21940
10424 23464 21940
20936 7896 21940
20936 23464 21940
23464 10424 21940
23464 20936 21940
7872 10912 20069
7872 20448 20069
10912 7872 20069
10912 23488 20069
20448 7872 20069
20448 23488 20069
23488 10912 20069
23488 20448 20069
7896 15580 31467
7896 15780 31467
15580 7896 31467
15580 23464 31467
15780 7896 31467
15780 23464 31467
23464 15580 31467
23464 15780 31467
7828 7888 247356
7828 23472 247356
7888 7828 247356
7888 23532 247356
23472 7828 247356
23472 23532 247356
23532 7888 247356
23532 23472 247356
7896 13784 35095
7896 17576 35095
13784 7896 35095
13784 23464 35095
17576 7896 35095
17576 23464 35095
23464 13784 35095
23464 17576 35095
7896 12320 33096
7896 19040 33096
12320 7896 33096
12320 23464 33096
19040 7896 33096
19040 23464 33096
23464 12320 33096
23464 19040 33096
7880 13452 39612
7880 17908 39612
13452 7880 39612
13452 23480 39612
17908 7880 39612
17908 23480 39612
23480 13452 39612
23480 17908 39612
7888 14316 22067
7888 17044 22067
14316 7888 22067
14316 23472 22067
17044 7888 22067
17044 23472 22067
23472 14316 22067
23472 17044 22067
7896 11656 23518
7896 19704 23518
11656 7896 23518
11656 23464 23518
19704 7896 23518
19704 23464 23518
23464 11656 23518
23464 19704 23518
7820 12708 2280
7820 18652 2280
12708 7820 2280
12708 23540 2280
18652 7820 2280
18652 23540 2280
23540 12708 2280
23540 18652 2280
7896 10504 23518
7896 20856 23518
10504 7896 23518
10504 23464 23518
20856 7896 23518
20856 23464 23518
23464 10504 23518
23464 20856 23518
7892 13984 14395
7892 17376 14395
13984 7892 14395
13984 23468 14395
17376 7892 14395
17376 23468 14395
23468 13984 14395
23468 17376 14395
7832 13324 14464
7832 18036 14464
13324 7832 14464
13324 23528 14464
18036 7832 14464
18036 23528 14464
23528 13324 14464
23528 18036 14464
7896 11084 69734
7896 20276 69734
11084 7896 69734
11084 23464 69734
20276 7896 69734
20276 23464 69734
23464 11084 69734
23464 20276 69734
7880 13260 14746
7880 18100 14746
13260 7880 14746
13260 23480 14746
18100 7880 14746
18100 23480 14746
23480 13260 14746
23480 18100 14746
7896 11768 46809
7896 19592 46809
11768 7896 46809
11768 23464 46809
19592 7896 46809
19592 23464 46809
23464 11768 46809
23464 19592 46809
5132 7896 213262
5132 23464 213262
7896 5132 213262
7896 26228 213262
23464 5132 213262
23464 26228 213262
26228 7896 213262
26228 23464 213262
7876 10188 51945
7876 21172 51945
10188 7876 51945
10188 23484 51945
21172 7876 51945
21172 23484 51945
23484 10188 51945
23484 21172 51945
9932 15568 83270
9932 15792 83270
15568 9932 83270
15568 21428 83270
15792 9932 83270
15792 21428 83270
21428 15568 83270
21428 15792 83270
7820 15568 132263
7820 15792 132263
15568 7820 132263
15568 23540 132263
15792 7820 132263
15792 23540 132263
23540 15568 132263
23540 15792 132263
12164 15676 14978
12164 15684 14978
15676 12164 14978
15676 19196 14978
15684 12164 14978
15684 19196 14978
19196 15676 14978
19196 15684 14978
7768 7892 381030
7768 23468 381030
7892 7768 381030
7892 23592 381030
23468 7768 381030
23468 23592 381030
23592 7892 381030
23592 23468 381030
7888 9728 12546
7888 21632 12546
9728 7888 12546
9728 23472 12546
21632 7888 12546
21632 23472 12546
23472 9728 12546
23472 21632 12546
7892 14740 45381
7892 16620 45381
14740 7892 45381
14740 23468 45381
16620 7892 45381
16620 23468 45381
23468 14740 45381
23468 16620 45381
7896 14660 9095
7896 16700 9095
14660 7896 9095
14660 23464 9095
16700 7896 9095
16700 23464 9095
23464 14660 9095
23464 16700 9095
7896 14420 28735
7896 16940 28735
14420 7896 28735
14420 23464 28735
16940 7896 28735
16940 23464 28735
23464 14420 28735
23464 16940 28735
7876 11372 49454
7876 19988 49454
11372 7876 49454
11372 23484 49454
19988 7876 49454
19988 23484 49454
23484 11372 49454
23484 19988 49454
7896 14372 45432
7896 16988 45432
14372 7896 45432
14372 23464 45432
16988 7896 45432
16988 23464 45432
23464 14372 45432
23464 16988 45432
7872 11540 2878
7872 19820 2878
11540 7872 2878
11540 23488 2878
19820 7872 2878
19820 23488 2878
23488 11540 2878
23488 19820 2878
7896 13992 14395
7896 17368 14395
13992 7896 14395
13992 23464 14395
17368 7896 14395
17368 23464 14395
23464 13992 14395
23464 17368 14395
7888 14188 42771
7888 17172 42771
14188 7888 42771
14188 23472 42771
17172 7888 42771
17172 23472 42771
23472 14188 42771
23472 17172 42771
7344 7820 66288
7344 23540 66288
7820 7344 66288
7820 24016 66288
23540 7344 66288
23540 24016 66288
24016 7820 66288
24016 23540 66288
7820 7864 16986
7820 23496 16986
7864 7820 16986
7864 23540 16986
23496 7820 16986
23496 23540 16986
23540 7864 16986
23540 23496 16986
7896 13364 13044
7896 17996 13044
13364 7896 13044
13364 23464 13044
17996 7896 13044
17996 23464 13044
23464 13364 13044
23464 17996 13044
7892 9872 26500
7892 21488 26500
9872 7892 26500
9872 23468 26500
21488 7892 26500
21488 23468 26500
23468 9872 26500
23468 21488 26500
11188 15648 41444
11188 15712 41444
15648 11188 41444
15648 20172 41444
15712 11188 41444
15712 20172 41444
20172 15648 41444
20172 15712 41444
8580 15668 13815
8580 15692 13815
15668 8580 13815
15668 22780 13815
15692 8580 13815
15692 22780 13815
22780 15668 13815
22780 15692 13815
7736 7884 116973
7736 23476 116973
7884 7736 116973
7884 23624 116973
23476 7736 116973
23476 23624 116973
23624 7884 116973
23624 23476 116973
7876 11712 14338
7876 19648 14338
11712 7876 14338
11712 23484 14338
19648 7876 14338
19648 23484 14338
23484 11712 14338
23484 19648 14338
7416 7820 23167
7416 23540 23167
7820 7416 23167
7820 23944 23167
23540 7416 23167
23540 23944 23167
23944 7820 23167
23944 23540 23167
6268 7896 904091
6268 23464 904091
7896 6268 904091
7896 25092 904091
23464 6268 904091
23464 25092 904091
25092 7896 904091
25092 23464 904091
7844 13488 2517
7844 17872 2517
13488 7844 2517
13488 23516 2517
17872 7844 2517
17872 23516 2517
23516 13488 2517
23516 17872 2517
7876 10776 39326
7876 20584 39326
10776 7876 39326
10776 23484 39326
20584 7876 39326
20584 23484 39326
23484 10776 39326
23484 20584 39326
7880 12484 67275
7880 18876 67275
12484 7880 67275
12484 23480 67275
18876 7880 67275
18876 23480 67275
23480 12484 67275
23480 18876 67275
7860 10680 19588
7860 20680 19588
10680 7860 19588
10680 23500 19588
20680 7860 19588
20680 23500 19588
23500 10680 19588
23500 20680 19588
10884 15660 45893
10884 15700 45893
15660 10884 45893
15660 20476 45893
15700 10884 45893
15700 20476 45893
20476 15660 45893
20476 15700 45893
7896 15568 41444
7896 15792 41444
15568 7896 41444
15568 23464 41444
15792 7896 41444
15792 23464 41444
23464 15568 41444
23464 15792 41444
7896 10032 23518
7896 21328 23518
10032 7896 23518
10032 23464 23518
21328 7896 23518
21328 23464 23518
23464 10032 23518
23464 21328 23518
7896 9956 46249
7896 21404 46249
9956 7896 46249
9956 23464 46249
21404 7896 46249
21404 23464 46249
23464 9956 46249
23464 21404 46249
7896 9432 14249
7896 21928 14249
9432 7896 14249
9432 23464 14249
21928 7896 14249
21928 23464 14249
23464 9432 14249
23464 21928 14249
7888 13664 32244
7888 17696 32244
13664 7888 32244
13664 23472 32244
17696 7888 32244
17696 23472 32244
23472 13664 32244
23472 17696 32244
7892 12292 39569
7892 19068 39569
12292 7892 39569
12292 23468 39569
19068 7892 39569
19068 23468 39569
23468 12292 39569
23468 19068 39569
7868 12960 37982
7868 18400 37982
12960 7868 37982
12960 23492 37982
18400 7868 37982
18400 23492 37982
23492 12960 37982
23492 18400 37982
7864 11344 15607
7864 20016 15607
11344 7864 15607
11344 23496 15607
20016 7864 15607
20016 23496 15607
23496 11344 15607
23496 20016 15607
7896 12236 2974
7896 19124 2974
12236 7896 2974
12236 23464 2974
19124 7896 2974
19124 23464 2974
23464 12236 2974
23464 19124 2974
7280 7868 70342
7280 23492 70342
7868 7280 70342
7868 24080 70342
23492 7280 70342
23492 24080 70342
24080 7868 70342
24080 23492 70342
7884 10836 17827
7884 20524 17827
10836 7884 17827
10836 23476 17827
20524 7884 17827
20524 23476 17827
23476 10836 17827
23476 20524 17827
7896 10648 51067
7896 20712 51067
10648 7896 51067
10648 23464 51067
20712 7896 51067
20712 23464 51067
23464 10648 51067
23464 20712 51067
7896 13508 3572
7896 17852 3572
13508 7896 3572
13508 23464 3572
17852 7896 3572
17852 23464 3572
23464 13508 3572
23464 17852 3572
7884 11372 7850
7884 19988 7850
11372 7884 7850
11372 23476 7850
19988 7884 7850
19988 23476 7850
23476 11372 7850
23476 19988 7850
7876 12588 24348
7876 18772 24348
12588 7876 24348
12588 23484 24348
18772 7876 24348
18772 23484 24348
23484 12588 24348
23484 18772 24348
7892 10372 18300
7892 20988 18300
10372 7892 18300
10372 23468 18300
20988 7892 18300
20988 23468 18300
23468 10372 18300
23468 20988 18300
7828 15632 43026
7828 15728 43026
15632 7828 43026
15632 23532 43026
15728 7828 43026
15728 23532 43026
23532 15632 43026
23532 15728 43026
7760 7888 71323
7760 23472 71323
7888 7760 71323
7888 23600 71323
23472 7760 71323
23472 23600 71323
23600 7888 71323
23600 23472 71323
7868 13576 8050
7868 17784 8050
13576 7868 8050
13576 23492 8050
17784 7868 8050
17784 23492 8050
23492 13576 8050
23492 17784 8050
7820 7832 70342
7820 23528 70342
7832 7820 70342
7832 23540 70342
23528 7820 70342
23528 23540 70342
23540 7832 70342
23540 23528 70342
7892 14144 23518
7892 17216 23518
14144 7892 23518
14144 23468 23518
17216 7892 23518
17216 23468 23518
23468 14144 23518
23468 17216 23518
10680 15568 52653
10680 15792 52653
15568 10680 52653
15568 20680 52653
15792 10680 52653
15792 20680 52653
20680 15568 52653
20680 15792 52653
11904 15680 33045
15680 11904 33045
15680 19456 33045
19456 15680 33045
11828 14744 119452
11828 16616 119452
14744 11828 119452
14744 19532 119452
16616 11828 119452
16616 19532 119452
19532 14744 119452
19532 16616 119452
9416 12812 29899
9416 18548 29899
12812 9416 29899
12812 21944 29899
18548 9416 29899
18548 21944 29899
21944 12812 29899
21944 18548 29899
7896 12252 47493
7896 19108 47493
12252 7896 47493
12252 23464 47493
19108 7896 47493
19108 23464 47493
23464 12252 47493
23464 19108 47493
7892 12448 42573
7892 18912 42573
12448 7892 42573
12448 23468 42573
18912 7892 42573
18912 23468 42573
23468 12448 42573
23468 18912 42573
7824 7824 86115
7824 23536 86115
23536 7824 86115
23536 23536 86115
7880 11816 33930
7880 19544 33930
11816 7880 33930
11816 23480 33930
19544 7880 33930
19544 23480 33930
23480 11816 33930
23480 19544 33930
7868 12008 11542
7868 19352 11542
12008 7868 11542
12008 23492 11542
19352 7868 11542
19352 23492 11542
23492 12008 11542
23492 19352 11542
7896 9780 13815
7896 21580 13815
9780 7896 13815
9780 23464 13815
21580 7896 13815
21580 23464 13815
23464 9780 13815
23464 21580 13815
7140 7864 215564
7140 23496 215564
7864 7140 215564
7864 24220 215564
23496 7140 215564
23496 24220 215564
24220 7864 215564
24220 23496 215564
5056 7888 18871
5056 23472 18871
7888 5056 18871
7888 26304 18871
23472 5056 18871
23472 26304 18871
26304 7888 18871
26304 23472 18871
4976 7876 191068
4976 23484 191068
7876 4976 191068
7876 26384 191068
23484 4976 191068
23484 26384 191068
26384 7876 191068
26384 23484 191068
7896 13728 10195
7896 17632 10195
13728 7896 10195
13728 23464 10195
17632 7896 10195
17632 23464 10195
23464 13728 10195
23464 17632 10195
11748 15628 20069
11748 15732 20069
15628 11748 20069
15628 19612 20069
15732 11748 20069
15732 19612 20069
19612 15628 20069
19612 15732 20069
7892 10992 20069
7892 20368 20069
10992 7892 20069
10992 23468 20069
20368 7892 20069
20368 23468 20069
23468 10992 20069
23468 20368 20069
7680 7896 192934
7680 23464 192934
7896 7680 192934
7896 23680 192934
23464 7680 192934
23464 23680 192934
23680 7896 192934
23680 23464 192934
7892 12712 33434
7892 18648 33434
12712 7892 33434
12712 23468 33434
18648 7892 33434
18648 23468 33434
23468 12712 33434
23468 18648 33434
7896 11948 33487
7896 19412 33487
11948 7896 33487
11948 23464 33487
19412 7896 33487
19412 23464 33487
23464 11948 33487
23464 19412 33487
7892 10440 50777
7892 20920 50777
10440 7892 50777
10440 23468 50777
20920 7892 50777
20920 23468 50777
23468 10440 50777
23468 20920 50777
7896 12544 16164
7896 18816 16164
12544 7896 16164
12544 23464 16164
18816 7896 16164
18816 23464 16164
23464 12544 16164
23464 18816 16164
7896 11924 39424
7896 19436 39424
11924 7896 39424
11924 23464 39424
19436 7896 39424
19436 23464 39424
23464 11924 39424
23464 19436 39424
7892 14776 27368
7892 16584 27368
14776 7892 27368
14776 23468 27368
16584 7892 27368
16584 23468 27368
23468 14776 27368
23468 16584 27368
7896 11628 25190
7896 19732 25190
11628 7896 25190
11628 23464 25190
19732 7896 25190
19732 23464 25190
23464 11628 25190
23464 19732 25190
7896 9716 46550
7896 21644 46550
9716 7896 46550
9716 23464 46550
21644 7896 46550
21644 23464 46550
23464 9716 46550
23464 21644 46550
7884 12084 66984
7884 19276 66984
12084 7884 66984
12084 23476 66984
19276 7884 66984
19276 23476 66984
23476 12084 66984
23476 19276 66984
7868 12024 17780
7868 19336 17780
12024 7868 17780
12024 23492 17780
19336 7868 17780
19336 23492 17780
23492 12024 17780
23492 19336 17780
7888 14500 47612
7888 16860 47612
14500 7888 47612
14500 23472 47612
16860 7888 47612
16860 23472 47612
23472 14500 47612
23472 16860 47612
7896 13916 5786
7896 17444 5786
13916 7896 5786
13916 23464 5786
17444 7896 5786
17444 23464 5786
23464 13916 5786
23464 17444 5786
7892 13324 26990
7892 18036 26990
13324 7892 26990
13324 23468 26990
18036 7892 26990
18036 23468 26990
23468 13324 26990
23468 18036 26990
7896 12192 35592
7896 19168 35592
12192 7896 35592
12192 23464 35592
19168 7896 35592
19168 23464 35592
23464 12192 35592
23464 19168 35592
7888 10852 25464
7888 20508 25464
10852 7888 25464
10852 23472 25464
20508 7888 25464
20508 23472 25464
23472 10852 25464
23472 20508 25464
4180 7896 27003
4180 23464 27003
7896 4180 27003
7896 27180 27003
23464 4180 27003
23464 27180 27003
27180 7896 27003
27180 23464 27003
7892 11432 33434
7892 19928 33434
11432 7892 33434
11432 23468 33434
19928 7892 33434
19928 23468 33434
23468 11432 33434
23468 19928 33434
