760 199
398
5
56
375 395 1
375 1125 1
395 375 1
395 1145 1
1125 375 1
1125 1145 1
1145 395 1
1145 1125 1
575 745 1
575 775 1
745 575 1
745 945 1
775 575 1
775 945 1
945 745 1
945 775 1
395 745 1
395 775 1
745 395 1
745 1125 1
775 395 1
775 1125 1
1125 745 1
1125 775 1
295 745 1
295 775 1
745 295 1
745 1225 1
775 295 1
775 1225 1
1225 745 1
1225 775 1
595 595 1
595 925 1
925 595 1
925 925 1
395 595 1
395 925 1
595 395 1
595 1125 1
925 395 1
925 1125 1
1125 595 1
1125 925 1
397 397 1
397 1123 1
1123 397 1
1123 1123 1
299 387 1
299 1133 1
387 299 1
387 1221 1
1133 299 1
1133 1221 1
1221 387 1
1221 1133 1
