15886000 3999600
3999600
10000000
1736
3906659 3910711 23369
3906659 11975289 23369
3910711 3906659 23369
3910711 11979341 23369
11975289 3906659 23369
11975289 11979341 23369
11979341 3910711 23369
11979341 11975289 23369
3361591 3961368 314445
3361591 11924632 314445
3961368 3361591 314445
3961368 12524409 314445
11924632 3361591 314445
11924632 12524409 314445
12524409 3961368 314445
12524409 11924632 314445
3720242 3961368 13444
3720242 11924632 13444
3961368 3720242 13444
3961368 12165758 13444
11924632 3720242 13444
11924632 12165758 13444
12165758 3961368 13444
12165758 11924632 13444
3756715 3961368 1
3756715 11924632 1
3961368 3756715 1
3961368 12129285 1
11924632 3756715 1
11924632 12129285 1
12129285 3961368 1
12129285 11924632 1
3963396 3963396 61225
3963396 11922604 61225
11922604 3963396 61225
11922604 11922604 61225
3926922 3967448 393036
3926922 11918552 393036
3967448 3926922 393036
3967448 11959078 393036
11918552 3926922 393036
11918552 11959078 393036
11959078 3967448 393036
11959078 11918552 393036
3961368 3967448 14811
3961368 11918552 14811
3967448 3961368 14811
3967448 11924632 14811
11918552 3961368 14811
11918552 11924632 14811
11924632 3967448 14811
11924632 11918552 14811
2640237 3975552 53358
2640237 11910448 53358
3975552 2640237 53358
3975552 13245763 53358
11910448 2640237 53358
11910448 13245763 53358
13245763 3975552 53358
13245763 11910448 53358
2759787 3975552 89450
2759787 11910448 89450
3975552 2759787 89450
3975552 13126213 89450
11910448 2759787 89450
11910448 13126213 89450
13126213 3975552 89450
13126213 11910448 89450
3616902 3983658 281007
3616902 11902342 281007
3983658 3616902 281007
3983658 12269098 281007
11902342 3616902 281007
11902342 12269098 281007
12269098 3983658 281007
12269098 11902342 281007
3961368 3983658 252574
3961368 11902342 252574
3983658 3961368 252574
3983658 11924632 252574
11902342 3961368 252574
11902342 11924632 252574
11924632 3983658 252574
11924632 11902342 252574
3687822 3985684 17673
3687822 11900316 17673
3985684 3687822 17673
3985684 12198178 17673
11900316 3687822 17673
11900316 12198178 17673
12198178 3985684 17673
12198178 11900316 17673
2520686 3989736 202333
2520686 11896264 202333
3989736 2520686 202333
3989736 13365314 202333
11896264 2520686 202333
11896264 13365314 202333
13365314 3989736 202333
13365314 11896264 202333
3801293 3993789 248076
3801293 11892211 248076
3993789 3801293 248076
3993789 12084707 248076
11892211 3801293 248076
11892211 12084707 248076
12084707 3993789 248076
12084707 11892211 248076
3918817 3993789 7058
3918817 11892211 7058
3993789 3918817 7058
3993789 11967183 7058
11892211 3918817 7058
11892211 11967183 7058
11967183 3993789 7058
11967183 11892211 7058
2561212 3995815 85842
2561212 11890185 85842
3995815 2561212 85842
3995815 13324788 85842
11890185 2561212 85842
11890185 13324788 85842
13324788 3995815 85842
13324788 11890185 85842
3930975 3995815 9386
3930975 11890185 9386
3995815 3930975 9386
3995815 11955025 9386
11890185 3930975 9386
11890185 11955025 9386
11955025 3995815 9386
11955025 11890185 9386
3965422 3995815 158770
3965422 11890185 158770
3995815 3965422 158770
3995815 11920578 158770
11890185 3965422 158770
11890185 11920578 158770
11920578 3995815 158770
11920578 11890185 158770
2881364 3997842 397610
2881364 11888158 397610
3997842 2881364 397610
3997842 13004636 397610
11888158 2881364 397610
11888158 13004636 397610
13004636 3997842 397610
13004636 11888158 397610
3691874 3997842 139071
3691874 11888158 139071
3997842 3691874 139071
3997842 12194126 139071
11888158 3691874 139071
11888158 12194126 139071
12194126 3997842 139071
12194126 11888158 139071
3849924 3997842 126508
3849924 11888158 126508
3997842 3849924 126508
3997842 12036076 126508
11888158 3849924 126508
11888158 12036076 126508
12036076 3997842 126508
12036076 11888158 126508
3914765 3997842 356815
3914765 11888158 356815
3997842 3914765 356815
3997842 11971235 356815
11888158 3914765 356815
11888158 11971235 356815
11971235 3997842 356815
11971235 11888158 356815
3935027 3997842 153556
3935027 11888158 153556
3997842 3935027 153556
3997842 11950973 153556
11888158 3935027 153556
11888158 11950973 153556
11950973 3997842 153556
11950973 11888158 153556
2117458 3999868 60692
2117458 11886132 60692
3999868 2117458 60692
3999868 13768542 60692
11886132 2117458 60692
11886132 13768542 60692
13768542 3999868 60692
13768542 11886132 60692
2348453 3999868 183520
2348453 11886132 183520
3999868 2348453 183520
3999868 13537547 183520
11886132 2348453 183520
11886132 13537547 183520
13537547 3999868 183520
13537547 11886132 183520
2599711 3999868 20658
2599711 11886132 20658
3999868 2599711 20658
3999868 13286289 20658
11886132 2599711 20658
11886132 13286289 20658
13286289 3999868 20658
13286289 11886132 20658
3175174 3999868 1097369
3175174 11886132 1097369
3999868 3175174 1097369
3999868 12710826 1097369
11886132 3175174 1097369
11886132 12710826 1097369
12710826 3999868 1097369
12710826 11886132 1097369
3890449 3999868 95192
3890449 11886132 95192
3999868 3890449 95192
3999868 11995551 95192
11886132 3890449 95192
11886132 11995551 95192
11995551 3999868 95192
11995551 11886132 95192
3902607 3999868 20557
3902607 11886132 20557
3999868 3902607 20557
3999868 11983393 20557
11886132 3902607 20557
11886132 11983393 20557
11983393 3999868 20557
11983393 11886132 20557
3999868 3999868 306463
3999868 11886132 306463
11886132 3999868 306463
11886132 11886132 306463
3999868 4777958 1
3999868 11108042 1
4777958 3999868 1
4777958 11886132 1
11108042 3999868 1
11108042 11886132 1
11886132 4777958 1
11886132 11108042 1
3999868 4887376 121917
3999868 10998624 121917
4887376 3999868 121917
4887376 11886132 121917
10998624 3999868 121917
10998624 11886132 121917
11886132 4887376 121917
11886132 10998624 121917
3999868 4907640 60692
3999868 10978360 60692
4907640 3999868 60692
4907640 11886132 60692
10978360 3999868 60692
10978360 11886132 60692
11886132 4907640 60692
11886132 10978360 60692
3999868 4921823 1
3999868 10964177 1
4921823 3999868 1
4921823 11886132 1
10964177 3999868 1
10964177 11886132 1
11886132 4921823 1
11886132 10964177 1
3995815 4927902 1
3995815 10958098 1
4927902 3995815 1
4927902 11890185 1
10958098 3995815 1
10958098 11890185 1
11890185 4927902 1
11890185 10958098 1
3999868 4954243 1
3999868 10931757 1
4954243 3999868 1
4954243 11886132 1
10931757 3999868 1
10931757 11886132 1
11886132 4954243 1
11886132 10931757 1
3999868 4974507 1
3999868 10911493 1
4974507 3999868 1
4974507 11886132 1
10911493 3999868 1
10911493 11886132 1
11886132 4974507 1
11886132 10911493 1
3997842 5000848 13115
3997842 10885152 13115
5000848 3997842 13115
5000848 11888158 13115
10885152 3997842 13115
10885152 11888158 13115
11888158 5000848 13115
11888158 10885152 13115
3999868 5043400 65311
3999868 10842600 65311
5043400 3999868 65311
5043400 11886132 65311
10842600 3999868 65311
10842600 11886132 65311
11886132 5043400 65311
11886132 10842600 65311
3999868 5081899 59965
3999868 10804101 59965
5081899 3999868 59965
5081899 11886132 59965
10804101 3999868 59965
10804101 11886132 59965
11886132 5081899 59965
11886132 10804101 59965
3977578 5122425 16341
3977578 10763575 16341
5122425 3977578 16341
5122425 11908422 16341
10763575 3977578 16341
10763575 11908422 16341
11908422 5122425 16341
11908422 10763575 16341
3999868 5124451 27392
3999868 10761549 27392
5124451 3999868 27392
5124451 11886132 27392
10761549 3999868 27392
10761549 11886132 27392
11886132 5124451 27392
11886132 10761549 27392
3989736 5160924 86799
3989736 10725076 86799
5160924 3989736 86799
5160924 11896264 86799
10725076 3989736 86799
10725076 11896264 86799
11896264 5160924 86799
11896264 10725076 86799
3983658 5201449 64606
3983658 10684551 64606
5201449 3983658 64606
5201449 11902342 64606
10684551 3983658 64606
10684551 11902342 64606
11902342 5201449 64606
11902342 10684551 64606
3999868 5241975 35832
3999868 10644025 35832
5241975 3999868 35832
5241975 11886132 35832
10644025 3999868 35832
10644025 11886132 35832
11886132 5241975 35832
11886132 10644025 35832
3997842 5254133 30725
3997842 10631867 30725
5254133 3997842 30725
5254133 11888158 30725
10631867 3997842 30725
10631867 11888158 30725
11888158 5254133 30725
11888158 10631867 30725
3999868 5280474 29887
3999868 10605526 29887
5280474 3999868 29887
5280474 11886132 29887
10605526 3999868 29887
10605526 11886132 29887
11886132 5280474 29887
11886132 10605526 29887
3997842 5288579 13115
3997842 10597421 13115
5288579 3997842 13115
5288579 11888158 13115
10597421 3997842 13115
10597421 11888158 13115
11888158 5288579 13115
11888158 10597421 13115
3999868 5321000 49670
3999868 10565000 49670
5321000 3999868 49670
5321000 11886132 49670
10565000 3999868 49670
10565000 11886132 49670
11886132 5321000 49670
11886132 10565000 49670
3999868 5361525 50687
3999868 10524475 50687
5361525 3999868 50687
5361525 11886132 50687
10524475 3999868 50687
10524475 11886132 50687
11886132 5361525 50687
11886132 10524475 50687
3999868 5393946 15598
3999868 10492054 15598
5393946 3999868 15598
5393946 11886132 15598
10492054 3999868 15598
10492054 11886132 15598
11886132 5393946 15598
11886132 10492054 15598
3999868 5400024 40607
3999868 10485976 40607
5400024 3999868 40607
5400024 11886132 40607
10485976 3999868 40607
10485976 11886132 40607
11886132 5400024 40607
11886132 10485976 40607
3981632 5410155 1703
3981632 10475845 1703
5410155 3981632 1703
5410155 11904368 1703
10475845 3981632 1703
10475845 11904368 1703
11904368 5410155 1703
11904368 10475845 1703
3999868 5440550 35890
3999868 10445450 35890
5440550 3999868 35890
5440550 11886132 35890
10445450 3999868 35890
10445450 11886132 35890
11886132 5440550 35890
11886132 10445450 35890
3989736 5458786 9206
3989736 10427214 9206
5458786 3989736 9206
5458786 11896264 9206
10427214 3989736 9206
10427214 11896264 9206
11896264 5458786 9206
11896264 10427214 9206
3993789 5489180 3831
3993789 10396820 3831
5489180 3993789 3831
5489180 11892211 3831
10396820 3993789 3831
10396820 11892211 3831
11892211 5489180 3831
11892211 10396820 3831
3995815 5497285 57370
3995815 10388715 57370
5497285 3995815 57370
5497285 11890185 57370
10388715 3995815 57370
10388715 11890185 57370
11890185 5497285 57370
11890185 10388715 57370
3987710 5509443 20091
3987710 10376557 20091
5509443 3987710 20091
5509443 11898290 20091
10376557 3987710 20091
10376557 11898290 20091
11898290 5509443 20091
11898290 10376557 20091
3987710 5527679 27949
3987710 10358321 27949
5527679 3987710 27949
5527679 11898290 27949
10358321 3987710 27949
10358321 11898290 27949
11898290 5527679 27949
11898290 10358321 27949
3997842 5568204 11524
3997842 10317796 11524
5568204 3997842 11524
5568204 11888158 11524
10317796 3997842 11524
10317796 11888158 11524
11888158 5568204 11524
11888158 10317796 11524
3999868 5614809 64329
3999868 10271191 64329
5614809 3999868 64329
5614809 11886132 64329
10271191 3999868 64329
10271191 11886132 64329
11886132 5614809 64329
11886132 10271191 64329
3997842 5641151 101754
3997842 10244849 101754
5641151 3997842 101754
5641151 11888158 101754
10244849 3997842 101754
10244849 11888158 101754
11888158 5641151 101754
11888158 10244849 101754
3973526 5722202 1
3973526 10163798 1
5722202 3973526 1
5722202 11912474 1
10163798 3973526 1
10163798 11912474 1
11912474 5722202 1
11912474 10163798 1
3999868 5728280 83363
3999868 10157720 83363
5728280 3999868 83363
5728280 11886132 83363
10157720 3999868 83363
10157720 11886132 83363
11886132 5728280 83363
11886132 10157720 83363
3983658 5746517 210
3983658 10139483 210
5746517 3983658 210
5746517 11902342 210
10139483 3983658 210
10139483 11902342 210
11902342 5746517 210
11902342 10139483 210
3989736 5760701 743
3989736 10125299 743
5760701 3989736 743
5760701 11896264 743
10125299 3989736 743
10125299 11896264 743
11896264 5760701 743
11896264 10125299 743
3993789 5760701 57142
3993789 10125299 57142
5760701 3993789 57142
5760701 11892211 57142
10125299 3993789 57142
10125299 11892211 57142
11892211 5760701 57142
11892211 10125299 57142
3997842 5791096 14967
3997842 10094904 14967
5791096 3997842 14967
5791096 11888158 14967
10094904 3997842 14967
10094904 11888158 14967
11888158 5791096 14967
11888158 10094904 14967
3991763 5827568 14719
3991763 10058432 14719
5827568 3991763 14719
5827568 11894237 14719
10058432 3991763 14719
10058432 11894237 14719
11894237 5827568 14719
11894237 10058432 14719
3987710 5845804 29720
3987710 10040196 29720
5845804 3987710 29720
5845804 11898290 29720
10040196 3987710 29720
10040196 11898290 29720
11898290 5845804 29720
11898290 10040196 29720
3999868 5890383 53696
3999868 9995617 53696
5890383 3999868 53696
5890383 11886132 53696
9995617 3999868 53696
9995617 11886132 53696
11886132 5890383 53696
11886132 9995617 53696
3999868 5904567 11618
3999868 9981433 11618
5904567 3999868 11618
5904567 11886132 11618
9981433 3999868 11618
9981433 11886132 11618
11886132 5904567 11618
11886132 9981433 11618
3989736 5932935 25936
3989736 9953065 25936
5932935 3989736 25936
5932935 11896264 25936
9953065 3989736 25936
9953065 11896264 25936
11896264 5932935 25936
11896264 9953065 25936
3999868 5961302 23897
3999868 9924698 23897
5961302 3999868 23897
5961302 11886132 23897
9924698 3999868 23897
9924698 11886132 23897
11886132 5961302 23897
11886132 9924698 23897
3997842 5967382 52251
3997842 9918618 52251
5967382 3997842 52251
5967382 11888158 52251
9918618 3997842 52251
9918618 11888158 52251
11888158 5967382 52251
11888158 9918618 52251
3991763 5985618 46826
3991763 9900382 46826
5985618 3991763 46826
5985618 11894237 46826
9900382 3991763 46826
9900382 11894237 46826
11894237 5985618 46826
11894237 9900382 46826
3999868 6040327 41435
3999868 9845673 41435
6040327 3999868 41435
6040327 11886132 41435
9845673 3999868 41435
9845673 11886132 41435
11886132 6040327 41435
11886132 9845673 41435
3999868 6052485 1
3999868 9833515 1
6052485 3999868 1
6052485 11886132 1
9833515 3999868 1
9833515 11886132 1
11886132 6052485 1
11886132 9833515 1
3997842 6066670 44121
3997842 9819330 44121
6066670 3997842 44121
6066670 11888158 44121
9819330 3997842 44121
9819330 11888158 44121
11888158 6066670 44121
11888158 9819330 44121
3985684 6082879 12759
3985684 9803121 12759
6082879 3985684 12759
6082879 11900316 12759
9803121 3985684 12759
9803121 11900316 12759
11900316 6082879 12759
11900316 9803121 12759
4589514 6082879 55760
4589514 9803121 55760
6082879 4589514 55760
6082879 11296486 55760
9803121 4589514 55760
9803121 11296486 55760
11296486 6082879 55760
11296486 9803121 55760
3985684 6090984 17959
3985684 9795016 17959
6090984 3985684 17959
6090984 11900316 17959
9795016 3985684 17959
9795016 11900316 17959
11900316 6090984 17959
11900316 9795016 17959
3993789 6121378 68340
3993789 9764622 68340
6121378 3993789 68340
6121378 11892211 68340
9764622 3993789 68340
9764622 11892211 68340
11892211 6121378 68340
11892211 9764622 68340
3997842 6161903 49474
3997842 9724097 49474
6161903 3997842 49474
6161903 11888158 49474
9724097 3997842 49474
9724097 11888158 49474
11888158 6161903 49474
11888158 9724097 49474
3999868 6176088 21015
3999868 9709912 21015
6176088 3999868 21015
6176088 11886132 21015
9709912 3999868 21015
9709912 11886132 21015
11886132 6176088 21015
11886132 9709912 21015
3999868 6194324 11424
3999868 9691676 11424
6194324 3999868 11424
6194324 11886132 11424
9691676 3999868 11424
9691676 11886132 11424
11886132 6194324 11424
11886132 9691676 11424
3999868 6198377 19870
3999868 9687623 19870
6198377 3999868 19870
6198377 11886132 19870
9687623 3999868 19870
9687623 11886132 19870
11886132 6198377 19870
11886132 9687623 19870
3999868 6206482 17376
3999868 9679518 17376
6206482 3999868 17376
6206482 11886132 17376
9679518 3999868 17376
9679518 11886132 17376
11886132 6206482 17376
11886132 9679518 17376
3997842 6226745 35426
3997842 9659255 35426
6226745 3997842 35426
6226745 11888158 35426
9659255 3997842 35426
9659255 11888158 35426
11888158 6226745 35426
11888158 9659255 35426
3999868 6240928 45403
3999868 9645072 45403
6240928 3999868 45403
6240928 11886132 45403
9645072 3999868 45403
9645072 11886132 45403
11886132 6240928 45403
11886132 9645072 45403
3995815 6265245 37543
3995815 9620755 37543
6265245 3995815 37543
6265245 11890185 37543
9620755 3995815 37543
9620755 11890185 37543
11890185 6265245 37543
11890185 9620755 37543
3999868 6291585 26541
3999868 9594415 26541
6291585 3999868 26541
6291585 11886132 26541
9594415 3999868 26541
9594415 11886132 26541
11886132 6291585 26541
11886132 9594415 26541
3997842 6305770 29860
3997842 9580230 29860
6305770 3997842 29860
6305770 11888158 29860
9580230 3997842 29860
9580230 11888158 29860
11888158 6305770 29860
11888158 9580230 29860
3991763 6324005 42621
3991763 9561995 42621
6324005 3991763 42621
6324005 11894237 42621
9561995 3991763 42621
9561995 11894237 42621
11894237 6324005 42621
11894237 9561995 42621
4686775 6340216 5465
4686775 9545784 5465
6340216 4686775 5465
6340216 11199225 5465
9545784 4686775 5465
9545784 11199225 5465
11199225 6340216 5465
11199225 9545784 5465
3999868 6354400 23735
3999868 9531600 23735
6354400 3999868 23735
6354400 11886132 23735
9531600 3999868 23735
9531600 11886132 23735
11886132 6354400 23735
11886132 9531600 23735
3995815 6358452 44006
3995815 9527548 44006
6358452 3995815 44006
6358452 11890185 44006
9527548 3995815 44006
9527548 11890185 44006
11890185 6358452 44006
11890185 9527548 44006
4763774 6362504 60692
4763774 9523496 60692
6362504 4763774 60692
6362504 11122226 60692
9523496 4763774 60692
9523496 11122226 60692
11122226 6362504 60692
11122226 9523496 60692
3989736 6376689 17370
3989736 9509311 17370
6376689 3989736 17370
6376689 11896264 17370
9509311 3989736 17370
9509311 11896264 17370
11896264 6376689 17370
11896264 9509311 17370
3997842 6401004 38477
3997842 9484996 38477
6401004 3997842 38477
6401004 11888158 38477
9484996 3997842 38477
9484996 11888158 38477
11888158 6401004 38477
11888158 9484996 38477
3961368 6437477 30852
3961368 9448523 30852
6437477 3961368 30852
6437477 11924632 30852
9448523 3961368 30852
9448523 11924632 30852
11924632 6437477 30852
11924632 9448523 30852
3997842 6439503 49055
3997842 9446497 49055
6439503 3997842 49055
6439503 11888158 49055
9446497 3997842 49055
9446497 11888158 49055
11888158 6439503 49055
11888158 9446497 49055
3993789 6482055 38315
3993789 9403945 38315
6482055 3993789 38315
6482055 11892211 38315
9403945 3993789 38315
9403945 11892211 38315
11892211 6482055 38315
11892211 9403945 38315
4769852 6490160 1
4769852 9395840 1
6490160 4769852 1
6490160 11116148 1
9395840 4769852 1
9395840 11116148 1
11116148 6490160 1
11116148 9395840 1
3997842 6522580 45682
3997842 9363420 45682
6522580 3997842 45682
6522580 11888158 45682
9363420 3997842 45682
9363420 11888158 45682
11888158 6522580 45682
11888158 9363420 45682
4954243 6563107 61128
4954243 9322893 61128
6563107 4954243 61128
6563107 10931757 61128
9322893 4954243 61128
9322893 10931757 61128
10931757 6563107 61128
10931757 9322893 61128
3985684 6565133 52512
3985684 9320867 52512
6565133 3985684 52512
6565133 11900316 52512
9320867 3985684 52512
9320867 11900316 52512
11900316 6565133 52512
11900316 9320867 52512
3983658 6601605 26146
3983658 9284395 26146
6601605 3983658 26146
6601605 11902342 26146
9284395 3983658 26146
9284395 11902342 26146
11902342 6601605 26146
11902342 9284395 26146
3991763 6617816 40334
3991763 9268184 40334
6617816 3991763 40334
6617816 11894237 40334
9268184 3991763 40334
9268184 11894237 40334
11894237 6617816 40334
11894237 9268184 40334
3973526 6642130 7510
3973526 9243870 7510
6642130 3973526 7510
6642130 11912474 7510
9243870 3973526 7510
9243870 11912474 7510
11912474 6642130 7510
11912474 9243870 7510
3999868 6692788 20001
3999868 9193212 20001
6692788 3999868 20001
6692788 11886132 20001
9193212 3999868 20001
9193212 11886132 20001
11886132 6692788 20001
11886132 9193212 20001
3991763 6717103 35752
3991763 9168897 35752
6717103 3991763 35752
6717103 11894237 35752
9168897 3991763 35752
9168897 11894237 35752
11894237 6717103 35752
11894237 9168897 35752
3967448 6749524 1
3967448 9136476 1
6749524 3967448 1
6749524 11918552 1
9136476 3967448 1
9136476 11918552 1
11918552 6749524 1
11918552 9136476 1
3997842 6749524 32842
3997842 9136476 32842
6749524 3997842 32842
6749524 11888158 32842
9136476 3997842 32842
9136476 11888158 32842
11888158 6749524 32842
11888158 9136476 32842
3975552 6755602 32560
3975552 9130398 32560
6755602 3975552 32560
6755602 11910448 32560
9130398 3975552 32560
9130398 11910448 32560
11910448 6755602 32560
11910448 9130398 32560
3999868 6769786 42973
3999868 9116214 42973
6769786 3999868 42973
6769786 11886132 42973
9116214 3999868 42973
9116214 11886132 42973
11886132 6769786 42973
11886132 9116214 42973
3991763 6814365 1
3991763 9071635 1
6814365 3991763 1
6814365 11894237 1
9071635 3991763 1
9071635 11894237 1
11894237 6814365 1
11894237 9071635 1
6796128 6814365 80829
6796128 9071635 80829
6814365 6796128 80829
6814365 9089872 80829
9071635 6796128 80829
9071635 9089872 80829
9089872 6814365 80829
9089872 9071635 80829
3973526 6832601 1
3973526 9053399 1
6832601 3973526 1
6832601 11912474 1
9053399 3973526 1
9053399 11912474 1
11912474 6832601 1
11912474 9053399 1
3999868 6842733 35405
3999868 9043267 35405
6842733 3999868 35405
6842733 11886132 35405
9043267 3999868 35405
9043267 11886132 35405
11886132 6842733 35405
11886132 9043267 35405
6682657 6842733 170736
6682657 9043267 170736
6842733 6682657 170736
6842733 9203343 170736
9043267 6682657 170736
9043267 9203343 170736
9203343 6842733 170736
9203343 9043267 170736
3985684 6877179 1
3985684 9008821 1
6877179 3985684 1
6877179 11900316 1
9008821 3985684 1
9008821 11900316 1
11900316 6877179 1
11900316 9008821 1
3997842 6881232 35939
3997842 9004768 35939
6881232 3997842 35939
6881232 11888158 35939
9004768 3997842 35939
9004768 11888158 35939
11888158 6881232 35939
11888158 9004768 35939
3995815 6921757 11859
3995815 8964243 11859
6921757 3995815 11859
6921757 11890185 11859
8964243 3995815 11859
8964243 11890185 11859
11890185 6921757 11859
11890185 8964243 11859
3999868 6954177 46866
3999868 8931823 46866
6954177 3999868 46866
6954177 11886132 46866
8931823 3999868 46866
8931823 11886132 46866
11886132 6954177 46866
11886132 8931823 46866
3999868 6982546 33282
3999868 8903454 33282
6982546 3999868 33282
6982546 11886132 33282
8903454 3999868 33282
8903454 11886132 33282
11886132 6982546 33282
11886132 8903454 33282
6603632 7002808 98691
6603632 8883192 98691
7002808 6603632 98691
7002808 9282368 98691
8883192 6603632 98691
8883192 9282368 98691
9282368 7002808 98691
9282368 8883192 98691
6514476 7021045 27890
6514476 8864955 27890
7021045 6514476 27890
7021045 9371524 27890
8864955 6514476 27890
8864955 9371524 27890
9371524 7021045 27890
9371524 8864955 27890
3999868 7031176 18681
3999868 8854824 18681
7031176 3999868 18681
7031176 11886132 18681
8854824 3999868 18681
8854824 11886132 18681
11886132 7031176 18681
11886132 8854824 18681
3999868 7049412 16103
3999868 8836588 16103
7049412 3999868 16103
7049412 11886132 16103
8836588 3999868 16103
8836588 11886132 16103
11886132 7049412 16103
11886132 8836588 16103
5600625 7081833 117274
5600625 8804167 117274
7081833 5600625 117274
7081833 10285375 117274
8804167 5600625 117274
8804167 10285375 117274
10285375 7081833 117274
10285375 8804167 117274
6409109 7081833 73985
6409109 8804167 73985
7081833 6409109 73985
7081833 9476891 73985
8804167 6409109 73985
8804167 9476891 73985
9476891 7081833 73985
9476891 8804167 73985
3997842 7083859 11855
3997842 8802141 11855
7083859 3997842 11855
7083859 11888158 11855
8802141 3997842 11855
8802141 11888158 11855
11888158 7083859 11855
11888158 8802141 11855
3999868 7087911 23749
3999868 8798089 23749
7087911 3999868 23749
7087911 11886132 23749
8798089 3999868 23749
8798089 11886132 23749
11886132 7087911 23749
11886132 8798089 23749
5511470 7096017 35752
5511470 8789983 35752
7096017 5511470 35752
7096017 10374530 35752
8789983 5511470 35752
8789983 10374530 35752
10374530 7096017 35752
10374530 8789983 35752
6482055 7106148 89983
6482055 8779852 89983
7106148 6482055 89983
7106148 9403945 89983
8779852 6482055 89983
8779852 9403945 89983
9403945 7106148 89983
9403945 8779852 89983
3999868 7122358 79045
3999868 8763642 79045
7122358 3999868 79045
7122358 11886132 79045
8763642 3999868 79045
8763642 11886132 79045
11886132 7122358 79045
11886132 8763642 79045
3999868 7136542 13115
3999868 8749458 13115
7136542 3999868 13115
7136542 11886132 13115
8749458 3999868 13115
8749458 11886132 13115
11886132 7136542 13115
11886132 8749458 13115
3997842 7164910 23156
3997842 8721090 23156
7164910 3997842 23156
7164910 11888158 23156
8721090 3997842 23156
8721090 11888158 23156
11888158 7164910 23156
11888158 8721090 23156
6289559 7164910 79808
6289559 8721090 79808
7164910 6289559 79808
7164910 9596441 79808
8721090 6289559 79808
8721090 9596441 79808
9596441 7164910 79808
9596441 8721090 79808
3995815 7187199 35364
3995815 8698801 35364
7187199 3995815 35364
7187199 11890185 35364
8698801 3995815 35364
8698801 11890185 35364
11890185 7187199 35364
11890185 8698801 35364
3999868 7215567 33708
3999868 8670433 33708
7215567 3999868 33708
7215567 11886132 33708
8670433 3999868 33708
8670433 11886132 33708
11886132 7215567 33708
11886132 8670433 33708
6281454 7245961 166689
6281454 8640039 166689
7245961 6281454 166689
7245961 9604546 166689
8640039 6281454 166689
8640039 9604546 166689
9604546 7245961 166689
9604546 8640039 166689
3995815 7252040 43002
3995815 8633960 43002
7252040 3995815 43002
7252040 11890185 43002
8633960 3995815 43002
8633960 11890185 43002
11890185 7252040 43002
11890185 8633960 43002
3999868 7280408 24359
3999868 8605592 24359
7280408 3999868 24359
7280408 11886132 24359
8605592 3999868 24359
8605592 11886132 24359
11886132 7280408 24359
11886132 8605592 24359
3999868 7304723 24212
3999868 8581277 24212
7304723 3999868 24212
7304723 11886132 24212
8581277 3999868 24212
8581277 11886132 24212
11886132 7304723 24212
11886132 8581277 24212
3995815 7345249 9597
3995815 8540751 9597
7345249 3995815 9597
7345249 11890185 9597
8540751 3995815 9597
8540751 11890185 9597
11890185 7345249 9597
11890185 8540751 9597
3999868 7349301 55009
3999868 8536699 55009
7349301 3999868 55009
7349301 11886132 55009
8536699 3999868 55009
8536699 11886132 55009
11886132 7349301 55009
11886132 8536699 55009
5882277 7373617 21620
5882277 8512383 21620
7373617 5882277 21620
7373617 10003723 21620
8512383 5882277 21620
8512383 10003723 21620
10003723 7373617 21620
10003723 8512383 21620
6086932 7383748 84910
6086932 8502252 84910
7383748 6086932 84910
7383748 9799068 84910
8502252 6086932 84910
8502252 9799068 84910
9799068 7383748 84910
9799068 8502252 84910
6001828 7393879 240767
6001828 8492121 240767
7393879 6001828 240767
7393879 9884172 240767
8492121 6001828 240767
8492121 9884172 240767
9884172 7393879 240767
9884172 8492121 240767
3999868 7401984 72708
3999868 8484016 72708
7401984 3999868 72708
7401984 11886132 72708
8484016 3999868 72708
8484016 11886132 72708
11886132 7401984 72708
11886132 8484016 72708
3999868 7426300 30432
3999868 8459700 30432
7426300 3999868 30432
7426300 11886132 30432
8459700 3999868 30432
8459700 11886132 30432
11886132 7426300 30432
11886132 8459700 30432
6032223 7448589 35371
6032223 8437411 35371
7448589 6032223 35371
7448589 9853777 35371
8437411 6032223 35371
8437411 9853777 35371
9853777 7448589 35371
9853777 8437411 35371
5971434 7464799 68930
5971434 8421201 68930
7464799 5971434 68930
7464799 9914566 68930
8421201 5971434 68930
8421201 9914566 68930
9914566 7464799 68930
9914566 8421201 68930
3997842 7466825 17734
3997842 8419175 17734
7466825 3997842 17734
7466825 11888158 17734
8419175 3997842 17734
8419175 11888158 17734
11888158 7466825 17734
11888158 8419175 17734
5991697 7468851 42621
5991697 8417149 42621
7468851 5991697 42621
7468851 9894303 42621
8417149 5991697 42621
8417149 9894303 42621
9894303 7468851 42621
9894303 8417149 42621
3997842 7485061 60692
3997842 8400939 60692
7485061 3997842 60692
7485061 11888158 60692
8400939 3997842 60692
8400939 11888158 60692
11888158 7485061 60692
11888158 8400939 60692
5943066 7499246 34783
5943066 8386754 34783
7499246 5943066 34783
7499246 9942934 34783
8386754 5943066 34783
8386754 9942934 34783
9942934 7499246 34783
9942934 8386754 34783
3997842 7549902 60692
3997842 8336098 60692
7549902 3997842 60692
7549902 11888158 60692
8336098 3997842 60692
8336098 11888158 60692
11888158 7549902 60692
11888158 8336098 60692
3999868 7592454 1
3999868 8293546 1
7592454 3999868 1
7592454 11886132 1
8293546 3999868 1
8293546 11886132 1
11886132 7592454 1
11886132 8293546 1
5521601 7681610 43327
5521601 8204390 43327
7681610 5521601 43327
7681610 10364399 43327
8204390 5521601 43327
8204390 10364399 43327
10364399 7681610 43327
10364399 8204390 43327
2917836 7886265 153478
2917836 7999735 153478
7886265 2917836 153478
7886265 12968164 153478
7999735 2917836 153478
7999735 12968164 153478
12968164 7886265 153478
12968164 7999735 153478
3961368 7886265 1
3961368 7999735 1
7886265 3961368 1
7886265 11924632 1
7999735 3961368 1
7999735 11924632 1
11924632 7886265 1
11924632 7999735 1
3999868 7886265 1
3999868 7999735 1
7886265 3999868 1
7886265 11886132 1
7999735 3999868 1
7999735 11886132 1
11886132 7886265 1
11886132 7999735 1
4948165 7886265 109680
4948165 7999735 109680
7886265 4948165 109680
7886265 10937835 109680
7999735 4948165 109680
7999735 10937835 109680
10937835 7886265 109680
10937835 7999735 109680
5031242 7886265 138239
5031242 7999735 138239
7886265 5031242 138239
7886265 10854758 138239
7999735 5031242 138239
7999735 10854758 138239
10854758 7886265 138239
10854758 7999735 138239
5199423 7886265 52097
5199423 7999735 52097
7886265 5199423 52097
7886265 10686577 52097
7999735 5199423 52097
7999735 10686577 52097
10686577 7886265 52097
10686577 7999735 52097
5410155 7886265 55787
5410155 7999735 55787
7886265 5410155 55787
7886265 10475845 55787
7999735 5410155 55787
7999735 10475845 55787
10475845 7886265 55787
10475845 7999735 55787
3521667 7888291 83369
3521667 7997709 83369
7888291 3521667 83369
7888291 12364333 83369
7997709 3521667 83369
7997709 12364333 83369
12364333 7888291 83369
12364333 7997709 83369
4621934 7888291 1
4621934 7997709 1
7888291 4621934 1
7888291 11264066 1
7997709 4621934 1
7997709 11264066 1
11264066 7888291 1
11264066 7997709 1
5167002 7890317 54567
5167002 7995683 54567
7890317 5167002 54567
7890317 10718998 54567
7995683 5167002 54567
7995683 10718998 54567
10718998 7890317 54567
10718998 7995683 54567
3999868 7892343 60692
3999868 7993657 60692
7892343 3999868 60692
7892343 11886132 60692
7993657 3999868 60692
7993657 11886132 60692
11886132 7892343 60692
11886132 7993657 60692
2881364 7894370 248099
2881364 7991630 248099
7894370 2881364 248099
7894370 13004636 248099
7991630 2881364 248099
7991630 13004636 248099
13004636 7894370 248099
13004636 7991630 248099
3983658 7894370 121916
3983658 7991630 121916
7894370 3983658 121916
7894370 11902342 121916
7991630 3983658 121916
7991630 11902342 121916
11902342 7894370 121916
11902342 7991630 121916
4575329 7900448 17955
4575329 7985552 17955
7900448 4575329 17955
7900448 11310671 17955
7985552 4575329 17955
7985552 11310671 17955
11310671 7900448 17955
11310671 7985552 17955
4909666 7900448 48207
4909666 7985552 48207
7900448 4909666 48207
7900448 10976334 48207
7985552 4909666 48207
7985552 10976334 48207
10976334 7900448 48207
10976334 7985552 48207
5280474 7900448 56421
5280474 7985552 56421
7900448 5280474 56421
7900448 10605526 56421
7985552 5280474 56421
7985552 10605526 56421
10605526 7900448 56421
10605526 7985552 56421
3489247 7902475 127656
3489247 7983525 127656
7902475 3489247 127656
7902475 12396753 127656
7983525 3489247 127656
7983525 12396753 127656
12396753 7902475 127656
12396753 7983525 127656
6482055 7908553 100838
6482055 7977447 100838
7908553 6482055 100838
7908553 9403945 100838
7977447 6482055 100838
7977447 9403945 100838
9403945 7908553 100838
9403945 7977447 100838
3880317 7912605 326928
3880317 7973395 326928
7912605 3880317 326928
7912605 12005683 326928
7973395 3880317 326928
7973395 12005683 326928
12005683 7912605 326928
12005683 7973395 326928
3732400 7914632 405266
3732400 7971368 405266
7914632 3732400 405266
7914632 12153600 405266
7971368 3732400 405266
7971368 12153600 405266
12153600 7914632 405266
12153600 7971368 405266
7505325 7914632 23547
7505325 7971368 23547
7914632 7505325 23547
7914632 8380675 23547
7971368 7505325 23547
7971368 8380675 23547
8380675 7914632 23547
8380675 7971368 23547
4812404 7916658 58724
4812404 7969342 58724
7916658 4812404 58724
7916658 11073596 58724
7969342 4812404 58724
7969342 11073596 58724
11073596 7916658 58724
11073596 7969342 58724
5951172 7916658 27949
5951172 7969342 27949
7916658 5951172 27949
7916658 9934828 27949
7969342 5951172 27949
7969342 9934828 27949
9934828 7916658 27949
9934828 7969342 27949
3965422 7918685 29887
3965422 7967315 29887
7918685 3965422 29887
7918685 11920578 29887
7967315 3965422 29887
7967315 11920578 29887
11920578 7918685 29887
11920578 7967315 29887
7420221 7918685 31502
7420221 7967315 31502
7918685 7420221 31502
7918685 8465779 31502
7967315 7420221 31502
7967315 8465779 31502
8465779 7918685 31502
8465779 7967315 31502
7908553 7918685 35603
7908553 7967315 35603
7918685 7908553 35603
7918685 7977447 35603
7967315 7908553 35603
7967315 7977447 35603
7977447 7918685 35603
7977447 7967315 35603
4777958 7920711 34783
4777958 7965289 34783
7920711 4777958 34783
7920711 11108042 34783
7965289 4777958 34783
7965289 11108042 34783
11108042 7920711 34783
11108042 7965289 34783
3317013 7922737 122829
3317013 7963263 122829
7922737 3317013 122829
7922737 12568987 122829
7963263 3317013 122829
7963263 12568987 122829
12568987 7922737 122829
12568987 7963263 122829
3872212 7922737 23369
3872212 7963263 23369
7922737 3872212 23369
7922737 12013788 23369
7963263 3872212 23369
7963263 12013788 23369
12013788 7922737 23369
12013788 7963263 23369
3169096 7924764 373259
3169096 7961236 373259
7924764 3169096 373259
7924764 12716904 373259
7961236 3169096 373259
7961236 12716904 373259
12716904 7924764 373259
12716904 7961236 373259
5667492 7926790 36426
5667492 7959210 36426
7926790 5667492 36426
7926790 10218508 36426
7959210 5667492 36426
7959210 10218508 36426
10218508 7926790 36426
10218508 7959210 36426
2680762 7928816 312497
2680762 7957184 312497
7928816 2680762 312497
7928816 13205238 312497
7957184 2680762 312497
7957184 13205238 312497
13205238 7928816 312497
13205238 7957184 312497
3365643 7928816 169999
3365643 7957184 169999
7928816 3365643 169999
7928816 12520357 169999
7957184 3365643 169999
7957184 12520357 169999
12520357 7928816 169999
12520357 7957184 169999
3641217 7928816 282322
3641217 7957184 282322
7928816 3641217 282322
7928816 12244783 282322
7957184 3641217 282322
7957184 12244783 282322
12244783 7928816 282322
12244783 7957184 282322
4441596 7928816 24835
4441596 7957184 24835
7928816 4441596 24835
7928816 11444404 24835
7957184 4441596 24835
7957184 11444404 24835
11444404 7928816 24835
11444404 7957184 24835
4818483 7928816 1
4818483 7957184 1
7928816 4818483 1
7928816 11067517 1
7957184 4818483 1
7957184 11067517 1
11067517 7928816 1
11067517 7957184 1
5416234 7928816 56879
5416234 7957184 56879
7928816 5416234 56879
7928816 10469766 56879
7957184 5416234 56879
7957184 10469766 56879
10469766 7928816 56879
10469766 7957184 56879
5845804 7928816 67140
5845804 7957184 67140
7928816 5845804 67140
7928816 10040196 67140
7957184 5845804 67140
7957184 10040196 67140
10040196 7928816 67140
10040196 7957184 67140
7918685 7928816 39591
7918685 7957184 39591
7928816 7918685 39591
7928816 7967315 39591
7957184 7918685 39591
7957184 7967315 39591
7967315 7928816 39591
7967315 7957184 39591
2360611 7930842 159774
2360611 7955158 159774
7930842 2360611 159774
7930842 13525389 159774
7955158 2360611 159774
7955158 13525389 159774
13525389 7930842 159774
13525389 7955158 159774
5513496 7932868 51742
5513496 7953132 51742
7932868 5513496 51742
7932868 10372504 51742
7953132 5513496 51742
7953132 10372504 51742
10372504 7932868 51742
10372504 7953132 51742
6338190 7932868 23973
6338190 7953132 23973
7932868 6338190 23973
7932868 9547810 23973
7953132 6338190 23973
7953132 9547810 23973
9547810 7932868 23973
9547810 7953132 23973
4745537 7934896 3920
4745537 7951104 3920
7934896 4745537 3920
7934896 11140463 3920
7951104 4745537 3920
7951104 11140463 3920
11140463 7934896 3920
11140463 7951104 3920
5722202 7934896 41786
5722202 7951104 41786
7934896 5722202 41786
7934896 10163798 41786
7951104 5722202 41786
7951104 10163798 41786
10163798 7934896 41786
10163798 7951104 41786
6090984 7934896 6558
6090984 7951104 6558
7934896 6090984 6558
7934896 9795016 6558
7951104 6090984 6558
7951104 9795016 6558
9795016 7934896 6558
9795016 7951104 6558
4346361 7936922 13115
4346361 7949078 13115
7936922 4346361 13115
7936922 11539639 13115
7949078 4346361 13115
7949078 11539639 13115
11539639 7936922 13115
11539639 7949078 13115
4392965 7938948 8993
4392965 7947052 8993
7938948 4392965 8993
7938948 11493035 8993
7947052 4392965 8993
7947052 11493035 8993
11493035 7938948 8993
11493035 7947052 8993
7675532 7938948 26178
7675532 7947052 26178
7938948 7675532 26178
7938948 8210468 26178
7947052 7675532 26178
7947052 8210468 26178
8210468 7938948 26178
8210468 7947052 26178
1920909 7940974 183520
1920909 7945026 183520
7940974 1920909 183520
7940974 13965091 183520
7945026 1920909 183520
7945026 13965091 183520
13965091 7940974 183520
13965091 7945026 183520
4970453 7940974 62961
4970453 7945026 62961
7940974 4970453 62961
7940974 10915547 62961
7945026 4970453 62961
7945026 10915547 62961
10915547 7940974 62961
10915547 7945026 62961
6161903 7940974 17360
6161903 7945026 17360
7940974 6161903 17360
7940974 9724097 17360
7945026 6161903 17360
7945026 9724097 17360
9724097 7940974 17360
9724097 7945026 17360
2998888 7943000 183520
7943000 2998888 183520
7943000 12887112 183520
12887112 7943000 183520
4514542 7943000 54561
7943000 4514542 54561
7943000 11371458 54561
11371458 7943000 54561
4666512 7943000 93944
7943000 4666512 93944
7943000 11219488 93944
11219488 7943000 93944
5564152 7943000 83946
7943000 5564152 83946
7943000 10321848 83946
10321848 7943000 83946
5993723 7943000 60692
7943000 5993723 60692
7943000 9892277 60692
9892277 7943000 60692
6030196 7943000 49670
7943000 6030196 49670
7943000 9855804 49670
9855804 7943000 49670
6690761 7943000 99464
7943000 6690761 99464
7943000 9195239 99464
9195239 7943000 99464
7004834 7943000 55671
7943000 7004834 55671
7943000 8881166 55671
8881166 7943000 55671
7695795 7943000 1
7943000 7695795 1
7943000 8190205 1
8190205 7943000 1
7886265 7943000 1
7943000 7886265 1
7943000 7999735 1
7999735 7943000 1
